3265
1136
3265
3265
6830
33915
3265
3333
3269
3333
6830
None
3265
7922
22773
20001
35492
6830
3265
3265
3215
2119
12322
3265
199422
5410
20815
31562
7418
29492
20712
3320
20621
6734
8820
3303
31334
2856
3215
50629
41682
701
133481
5089
29562
8881
7018
12859
681
1136
7922
378
28017
786
25596
3238
2607
29422
15516
41164
2852
20001
29067
6830
7922
27699
25454
3257
39029
12637
29134
12637
1653
6939
6881
5432
3301
5089
5466
3320
24638
42548
33915
34244
2607
41034
3233
7922
5387
3265
3215
766
201333
7922
7477
39839
8881
12513
6830
50304
2852
9340
8331
2497
3333
8346
8359
3741
10318
6830
137
16086
39912
12931
12337
3329
2602
15598
577
20845
5089
39617
3301
34056
6830
13285
3292
39839
39554
24560
45131
7922
44678
31334
49909
1909
15435
6830
3320
3605
8508
7377
17676
3352
49909
1734
39837
8426
1764
6830
8916
3301
51815
3320
2119
9498
2116
27678
6799
7922
33980
30781
3320
20676
766
8763
45011
9121
59617
44489
5603
12731
5603
12381
None
16353
137
39029
15743
12322
37708
3352
1759
13030
2485
29449
5539
49534
8447
33363
13030
8218
3741
3265
3320
42289
15557
2609
15527
50620
24935
719
29075
51155
51088
24851
16154
15782
6830
12322
680
13306
2609
204279
1764
30972
35432
9031
1853
7922
49800
14988
201080
16086
28905
56791
34688
47408
15605
1901
6893
24689
56472
3292
35401
3292
43782
50620
42643
1103
3352
6067
12874
21021
16276
1853
34814
51405
1653
42514
39791
42431
35761
35731
28907
31510
206610
34279
1221
3292
3292
5479
34279
29632
44869
21466
3327
3320
41381
3243
12874
20912
62418
3352
12322
2611
3243
29278
1930
39759
15774
13238
42760
21175
20900
5617
8473
15696
39935
50348
13101
8728
174
65516
29208
35094
196616
2259
3292
1955
9044
42009
3269
3292
41495
3269
12816
12322
44869
41589
13101
12322
1764
24806
1835
47853
30764
10242
6871
12353
9031
12502
29355
41000
23655
786
24956
50558
3320
8879
3215
20712
51523
2856
30851
790
8648
3215
202895
29695
29518
12360
21309
13037
31712
3215
5089
31712
25376
8473
44257
786
12322
8473
43081
12502
47350
41079
47814
34347
44097
29695
31334
15557
3320
31334
39857
3269
6830
8677
680
43733
8447
6057
56329
48954
8447
20880
9145
51815
6830
31019
3320
34612
12389
5410
21175
3303
8758
34612
34602
8881
12353
3269
3320
12322
2860
35366
5491
3215
25596
5607
3320
33915
4804
9269
4134
9500
9304
4802
55430
7545
7642
4764
4764
1221
46375
7922
4764
45935
4764
4804
4739
45942
4771
7922
36375
17253
4764
16881
25668
7922
11427
7922
701
7922
1280
7018
12271
5650
6327
7922
7922
33363
22047
20712
7922
46262
27
33080
13489
701
7922
7922
46375
6128
4764
7922
7018
5650
8331
8793
31042
6830
5089
48161
13030
12389
5378
12322
786
20875
34594
34225
35612
54614
42560
2119
6830
3245
20926
39392
3245
15774
35540
39923
3320
21079
35832
3243
51483
48200
15943
6830
5089
25091
28890
4804
50446
12322
5603
2614
3320
6830
8473
3265
52088
31122
6830
8334
39264
48417
8881
31042
6805
6830
41655
60294
48173
1653
2856
61157
8767
6830
20766
719
15960
None
20845
3320
29208
16086
44574
3209
21502
2914
51458
39756
25441
31078
31334
2119
3265
13037
25540
1273
559
20712
12312
35754
20694
35540
34019
8859
42579
42077
13036
198930
31334
3330
33837
8228
1136
12813
39756
51184
30722
24904
3320
57752
3303
5396
41710
48284
6871
12479
8283
6830
3333
35100
25376
2856
51918
3265
13030
3352
6830
48039
6830
6830
20712
21396
3215
21155
31424
3320
3320
196948
33915
1136
3320
8437
52030
8365
8881
29518
25180
37002
3215
15557
20712
33988
6805
34119
2119
31708
8445
50583
3320
31549
12963
5089
37002
3301
3320
31334
9031
13037
2856
3320
12579
6830
15879
44141
3215
132162
1955
197529
20712
3320
57381
8881
None
6830
197529
3320
199298
16316
5410
13193
3216
15626
9167
12322
6855
8334
6830
4739
196922
8251
9167
3320
20712
12322
39815
8473
35007
33920
12897
5610
15844
3215
8708
3212
29252
6830
None
13030
43408
31334
51906
15772
13030
2200
12731
2860
3320
12545
41872
34533
29687
60294
29680
20634
29355
29355
1836
44574
2860
42765
12833
196655
197696
20723
20766
6799
9009
51675
35432
3320
5567
3292
2514
2259
20488
15401
7922
56420
47698
7018
12480
39405
6830
2497
31078
15657
None
553
2119
34911
31250
3320
1133
6830
33915
12513
2856
29072
13127
3301
44066
3320
3269
16316
1955
3243
43942
3215
20712
29355
29355
13037
2119
6830
6830
47377
16086
8767
35158
3329
39713
15685
6830
16353
6830
34442
39925
29562
33915
6830
39310
3320
201508
3943
766
6830
35530
5089
12333
3265
None
20712
6830
11426
3320
31334
3320
6805
20712
12322
20880
3320
5413
3292
12322
8881
8473
15964
49272
3320
20845
6830
33915
15557
3215
3320
8881
39422
6848
12322
49974
11664
6830
44217
12874
48438
5432
15716
16246
35244
1221
28773
13030
198455
2200
5089
33915
6871
21412
5588
20712
3320
3215
31592
250
10143
9500
7922
5089
8319
25145
20766
5432
20712
43321
3265
None
None
2200
3320
12322
9050
31214
49010
31705
3265
6830
13030
48089
40528
7922
6830
12430
8708
6830
20555
41164
199603
43751
37542
50530
33915
49409
12597
6830
12322
51871
33660
12322
35612
51871
None
8818
3352
8708
60876
3320
20712
29562
12322
20712
3209
56430
60427
6848
3301
201366
13037
13189
6848
29124
7922
5419
8473
5089
198644
8447
5089
31334
3320
12337
14949
60706
14949
29562
44549
5432
31334
3320
5404
12337
3303
6830
8339
3320
6830
35559
12586
48111
12709
8551
12322
29084
39737
12310
3320
12355
6805
24956
12322
49010
36483
31103
3265
31078
3320
None
8818
1764
8767
31042
9125
29695
None
35826
21175
5089
35518
34119
7922
1221
8359
39906
42313
16316
15527
19255
None
34056
33885
3320
55895
6830
3320
2516
43571
1853
15451
2516
8426
23783
2907
8220
17676
5089
47232
206420
8708
48685
5089
3327
6855
196949
31334
43571
8473
9021
9050
13272
262149
6830
35540
3209
51728
25394
12361
12303
15895
3320
6830
58299
29596
49770
44034
3320
6830
8779
28773
41678
559
29695
6830
8501
1103
8708
9050
12767
25229
3215
35320
719
28725
49770
6866
198977
34409
3320
3215
206420
51184
43939
3209
6866
35807
3329
5384
3215
None
26785
680
5410
6830
1853
12322
2856
24823
6412
33873
1680
57069
34347
13124
33915
2547
42525
12741
3215
28792
51989
24823
47232
14291
6830
6848
1853
21263
6830
1241
35226
33915
1241
3243
2860
1853
21263
1853
29169
33915
49463
56478
1136
6805
13030
33915
3320
680
2856
None
34878
3320
16175
3243
33915
8228
31334
2860
6830
6830
None
15747
6805
35612
59715
3320
50503
680
49463
5432
3320
29562
3320
2856
1955
20845
15038
6829
6661
57866
5607
2497
1955
41135
29243
1103
4713
12778
15038
34602
33915
43939
62099
3265
35612
3292
3265
20845
3265
12322
3301
12779
3265
3209
15943
29422
3215
50583
5603
15943
8767
198869
15659
48972
199087
2116
3352
20712
8820
3265
29355
3320
12779
8462
8240
6661
3215
3303
12779
29467
2856
29355
198818
33915
4812
8928
6830
16086
15943
9211
2856
7922
174
3320
15685
33915
3943
13037
2119
29321
198171
63112
41552
2516
50957
2497
8522
50957
29321
44134
3352
6661
9188
17506
39260
33915
198171
12617
41364
20712
8685
20712
3663
5410
7922
7018
41364
11815
41508
6805
21175
3323
5692
8613
35540
16019
3265
12714
20773
33915
6661
6830
5607
56329
39179
7922
21175
3215
7922
7782
20712
1136
59861
6079
24921
44712
3320
47764
50473
10131
5610
4771
7922
52130
None
50343
50448
20764
20764
59472
546
7922
7065
7922
7922
46375
7922
7922
15815
7018
786
7922
202872
7018
7018
7922
25532
7922
42409
680
17934
701
7922
701
6871
5588
41554
5410
28104
13188
24582
6327
24651
2527
42610
3352
39709
701
31334
200953
6128
3352
17506
701
4802
1955
9367
1955
8708
12578
7922
3352
701
12714
8402
701
15582
56910
2500
21211
25513
4804
12714
12400
8301
12389
6866
28738
31514
8359
42610
42610
42610
49342
206845
29069
49063
31514
12714
8334
25513
42610
8427
8402
25513
8402
42610
42610
202164
12714
206066
39153
8359
12714
42610
50473
42610
42610
50668
41599
3320
13249
60036
2119
224
35244
39608
57692
6830
41096
49120
4
16302
56478
44604
31224
31334
8422
25229
7922
42310
33915
50821
6327
25472
5432
13188
49763
31416
197480
6830
50685
198847
15895
5089
12389
20910
31334
25521
15895
29014
35734
5692
8092
1759
34779
34056
6871
39927
766
39608
25596
15488
None
6830
2852
6830
7029
32653
None
3215
7922
327813
37497
15895
6830
12496
12741
5617
8881
20773
7922
6057
3320
31246
43966
9506
49567
15895
3209
20773
3265
29314
2516
12338
6871
20773
7922
8881
37611
20115
8422
15557
13032
3303
24971
12757
49889
6830
34421
31334
8881
3265
15377
203623
6830
2860
44637
12714
41668
5617
48683
8422
49463
29562
3320
200533
5617
3320
35125
50668
24776
8422
6830
3320
24875
29562
20845
8881
3320
3320
39435
39608
47914
196819
198423
680
25596
37074
7922
None
3209
8374
198971
43350
39869
12322
7922
39931
11404
198967
25229
6830
1136
9198
29562
25229
35492
24940
25220
11232
6830
6849
3320
8391
28110
680
23242
33915
31200
3320
25255
56611
44941
20712
28792
15372
31394
8402
680
8427
8422
35244
17356
12271
60294
6830
3249
35244
9105
13030
42038
55430
60294
5467
9299
8767
4739
9051
31200
3320
3320
3320
8788
3215
41557
56433
6697
25229
198864
5390
8447
56550
24955
16342
31148
3265
37680
3326
41695
2856
6830
10474
29527
8422
35141
3320
2818
3320
2586
203953
9070
50056
701
20115
6703
9443
35141
12859
20676
43561
28854
3320
16333
20676
16302
25255
3320
49337
8632
1403
3265
8591
10838
61275
56837
35258
8422
39602
577
5432
8788
62383
25518
42652
3265
35665
1124
6871
34177
44156
50901
3320
197750
30823
8893
11664
34516
7922
25596
12767
41781
198385
14051
31334
8400
28788
13127
9988
132696
2497
None
57214
199600
3320
198570
33915
49232
34574
132167
3215
9735
58587
4771
8447
41785
5617
3265
6703
198672
13101
3320
4773
8228
6886
2119
31148
3265
29834
2119
5089
62360
6848
8402
15895
35807
5588
9067
5432
3320
28685
8881
59494
48957
12714
51018
7922
8402
34687
8726
197021
3292
31246
20845
22927
21050
2852
7018
13287
38158
6830
3244
47420
3927
4128
5089
29076
59990
3292
3130
5432
4787
49485
197317
8866
12312
6799
1136
15943
3333
8839
5408
21320
48294
13004
1101
1850
553
16086
59521
12303
1140
25509
1120
513
38796
39122
8674
1213
13101
10474
28000
4608
2611
37708
8763
2914
2914
50168
15835
2914
2914
7366
2852
59469
60157
2611
7922
39702
14061
681
14061
202040
3265
7922
198260
21299
201702
198644
21282
43996
43996
8781
5459
14907
14907
16004
14907
45494
32244
8676
53824
49515
39839
29405
48918
29632
33480
48918
197495
197451
198068
1133
30798
20647
13303
42473
8767
766
40528
51430
7590
16876
5404
9821
49024
201709
7642
3333
24122
393246
43996
60781
33280
6881
28753
45204
39107
30633
7203
13901
56357
27678
27843
56055
47872
198228
8426
680
263779
10208
4270
60574
30971
6908
1103
37668
43317
12414
37474
42699
15389
33920
62310
23955
52130
8365
37663
51349
5607
133752
3274
24971
1200
25376
42953
52048
51468
2128
3851
680
13238
35733
7712
46309
35733
35258
24725
12676
34587
2495
12812
17828
9092
34106
39642
26167
88
327844
9158
135150
9158
395611
1909
38064
111
42961
37578
12859
54115
12859
21413
12731
786
8211
8211
9733
21412
25291
1312
6667
2602
8560
790
5377
39405
286
132167
57119
8560
133453
15133
199993
58381
8866
8866
15133
15133
15133
49784
34288
57963
4608
2486
206549
199150
13331
35003
5379
24173
1307
23752
19255
2200
25192
786
3292
15133
15133
33362
15133
15133
39029
33808
39063
42409
197564
8522
37577
1916
43930
42184
206350
1764
200567
2107
3333
9198
39815
15826
9198
38001
203329
41689
61138
12779
559
12697
9198
198985
50170
206186
25406
48943
13032
2108
62416
42473
203296
6724
24940
20766
1853
2857
559
42473
42473
62113
10745
203993
2914
199159
14907
680
135448
3333
2716
39351
24921
13041
57961
61438
23719
39138
37386
14061
39878
328014
14061
265721
26617
8670
15133
39138
37495
59105
48961
680
32097
43350
196670
395152
201958
52177
36236
30997
134442
5607
52039
52039
21473
4764
15945
17054
36444
20612
52336
42473
264811
16509
39534
5539
27817
20857
202196
393755
31287
203201
395766
202196
22894
55002
36236
36236
22548
55002
202365
34549
41018
48276
49697
48112
17054
2470
20150
20150
41000
50178
2497
59795
9268
32425
48292
41405
50999
34878
206479
20473
20473
20473
51859
55002
205614
60396
205390
16347
15133
61174
36236
35065
48854
35574
55002
20473
60149
20473
20473
20473
202196
29075
49100
16509
16509
16509
16509
16509
16509
16509
16509
16509
16509
16509
16509
16509
16509
14618
60149
48362
55002
34605
202196
13925
62184
7247
62250
852
3265
3265
3265
5089
7922
7922
3265
3265
33915
5410
1103
3265
20647
44574
3215
35266
204786
29314
12496
5089
13246
50583
12676
15502
15798
34594
12963
24482
57670
2527
196890
5089
35141
15895
18199
5378
7922
15669
33915
43442
3333
42689
5379
9105
35573
2529
2856
3303
8661
8661
199128
5379
21246
21503
12871
35540
21453
20001
3320
20712
7922
7922
16086
52063
202164
6876
35807
8251
6848
12389
1136
44050
35699
12389
43557
37084
48659
12389
3320
50288
41843
28840
12322
1136
52207
31334
46375
7922
33991
8489
10242
15301
30640
11426
11427
7922
7438
26134
7922
6830
7922
174
7922
12083
10838
20115
28573
7922
7922
7922
7922
12083
237
20355
701
11351
7922
7922
7922
22773
5650
7922
701
4181
4181
12276
3599
701
6128
20712
852
13977
33361
4922
577
6503
22773
7922
701
11427
7922
46609
7922
6327
5607
6079
7922
7922
7922
32440
9116
11351
1273
1273
1273
1273
1273
1273
7922
12353
7922
7018
7922
7922
7922
7922
7922
7922
20115
20001
701
22773
7922
7922
7922
7922
7922
209
7922
7922
7922
1213
29314
3303
44395
39449
6830
39093
6830
56595
5089
7922
3257
7922
1741
15806
36351
1741
8228
790
47913
55850
8881
36351
9500
15533
22047
8339
39029
1280
12322
36351
36351
36351
36351
3209
1741
1741
7922
7922
1741
7018
17823
49800
49800
44395
701
44395
29124
8676
44395
3320
2110
7922
3301
8708
7922
3301
3320
13030
47490
3303
13030
174
719
33980
3265
12496
16019
701
1136
39605
16276
45494
15502
237
12322
6830
9039
3320
3320
13287
31334
8661
25291
8661
9031
36997
6830
8661
8820
41601
26599
12389
62059
7922
31334
5391
6830
3292
8508
41733
6373
198653
35368
12389
3320
56656
12322
197075
61174
9198
4764
29512
29695
3352
35699
56550
1136
2856
199289
43557
6503
37680
49125
16066
58587
5769
1103
1103
28685
13127
35067
31252
5645
701
50448
56030
557
12322
33915
2856
47313
35000
41957
57142
41727
35000
31148
24282
12389
3320
49223
48848
29456
41176
3320
12389
3320
34187
8402
47313
7018
25515
51515
8359
34524
198977
35540
3303
1853
15493
12322
12991
1853
760
25596
13037
199339
15763
12990
22684
51815
6830
198977
6848
1853
28748
6871
790
7018
5089
13037
8422
5089
52285
37618
680
5432
8881
6848
44776
7018
13319
43341
7018
32881
3209
13009
10745
34177
7514
48112
3265
6848
5089
1205
6720
41690
12389
37281
1853
42685
1205
12322
1113
1853
51090
22047
5466
44869
55391
13178
21127
29695
5089
39608
60955
44869
9824
21263
7514
6830
12418
41691
56300
35815
5432
32653
31034
42610
41691
41704
35540
48670
50083
43205
35807
31012
15542
50581
8346
210306
49071
198249
31027
8190
21183
34187
42541
3209
12990
57571
51944
48679
25513
6830
9031
8416
59676
25365
57422
28917
29124
44068
60382
553
29632
3301
41302
50222
51214
57571
31323
33835
197889
42707
6848
7922
196847
4739
5645
7922
24958
35141
25472
6848
5432
2914
10796
12322
7018
6830
197021
6700
701
786
198325
31169
39216
16234
200163
199588
2110
1241
6848
6848
57507
6848
5432
6848
57084
29518
29056
6848
6830
47116
5483
34743
49835
30892
3352
30892
3301
1764
25596
42973
59689
39605
29119
58308
39863
29003
56433
57350
15683
8220
12322
6848
11071
1241
5432
6830
6830
205818
31334
35612
15943
9031
9031
4608
60409
20115
1101
1103
6848
9031
7922
3320
198068
5432
None
24685
6830
8402
35833
35540
3215
34362
57199
24904
38719
199291
1886
47377
5435
6830
30746
15517
22342
13041
45164
1759
16086
701
5410
45164
47394
812
39608
16591
7018
15038
199181
60414
13285
16086
3255
8468
3209
6400
13188
3320
8251
8412
12322
5432
11404
24398
201557
33915
33915
7922
41435
31334
40788
13037
20766
15836
577
57329
44084
14955
43925
6848
49718
34087
206886
None
13037
33915
27647
29286
3352
27699
6848
15704
60351
37090
24398
12479
3215
12479
12479
57370
31027
852
719
3320
4685
5607
7922
20880
12714
42322
11427
2856
13156
45050
7922
14061
41090
7922
25229
41090
35540
20860
2856
9105
49855
7922
35540
8422
13771
24398
3320
47313
20712
201773
7922
201557
12714
7922
6730
41090
396515
2611
15895
39647
41090
6830
197889
25182
51074
3320
16796
23523
12322
22773
5650
209
7018
701
5650
6830
3320
137
19108
40788
8220
44869
22773
16591
7922
7018
9031
12479
20001
30036
6057
27364
2860
41095
12929
7922
12491
15954
24398
6830
25460
42841
3320
47526
7922
9506
46375
60256
39647
30988
33915
9431
4704
47377
41095
3741
3741
23881
3462
8422
6461
62416
21034
1136
3320
46375
2856
58299
3320
6830
33915
8881
6848
12513
3249
8612
33915
32653
49866
701
3320
18779
7545
5650
5391
6830
198060
35540
6128
6079
7018
34612
7018
9031
7545
5410
35540
7018
7922
3320
2119
11351
198435
3292
6830
30983
13037
786
6876
12513
12322
4739
12479
6067
31012
4764
8473
20712
7018
395611
21502
19108
9500
58620
7545
4739
134220
4826
18210
4739
134220
38790
38790
4739
7545
5650
38195
13188
21232
1221
3215
3215
12519
6079
None
12322
205617
7922
47116
393713
199283
3741
37611
6799
7029
15659
29357
6830
49800
7922
16668
7922
41364
43554
15497
14434
52212
3737
812
196705
6789
49029
217
7922
201701
34251
7922
31725
6830
196734
35320
46375
21390
48217
15626
54858
39169
34123
41911
7922
7922
11427
48683
21500
34786
15377
25478
44750
7922
7922
45025
48756
7922
7922
7922
209
7922
7922
7922
7922
10796
20115
701
92
35320
8767
46375
8271
25353
9188
43658
47973
7922
1853
5470
5539
19108
7922
3292
5089
8508
27725
6848
11351
28875
3292
23655
5089
5410
1241
28685
199562
1267
3215
2856
4713
13188
38883
13030
46375
6799
24398
50870
6848
12322
25091
701
52362
14080
10881
None
55391
56649
7418
35236
1241
12552
25229
2119
6799
50392
18822
27686
13110
25229
7922
13030
199664
4181
5610
3301
3216
42189
2116
28681
29467
7922
202214
3265
12479
6730
197467
3215
7545
5645
197467
6830
16086
1887
7922
3215
197207
6867
7922
8473
46375
22047
2856
1880
6805
26370
60036
680
29247
197207
10474
4788
11845
327798
34779
3329
199993
4739
3323
1241
5408
202042
6799
57370
20115
51349
8881
26803
2602
2602
5408
4788
12322
4788
4788
35584
200736
15557
8881
6871
4788
None
32329
8708
6661
49813
46375
8767
6866
13037
31334
13030
3323
2856
35432
680
209
36914
45177
8881
15290
701
36914
812
33771
701
7922
12871
8422
7922
9051
50266
5769
13030
203520
7922
8220
8402
48344
5089
25234
3320
7922
5410
35600
7922
31012
36914
2108
7922
2514
2516
12322
37691
6147
37090
47377
577
8890
701
12714
7922
15802
41704
4725
32653
7018
15987
49604
43709
2856
12392
7018
20766
32448
6830
3292
44869
15772
12455
None
12322
6830
16409
48159
8881
33823
62105
12322
7922
12322
44622
13046
577
None
22742
59432
8764
6830
224
6799
24827
3265
24257
5432
50581
6799
60874
51896
23655
43557
12322
6128
22773
31334
12322
13188
30889
13037
3320
5607
56910
58291
3209
1136
20712
20712
12322
786
15557
21131
6830
5394
48294
34594
45352
62007
30889
3265
680
13046
2856
3320
29695
48926
21040
16082
31246
39647
3265
15557
10796
15022
45055
61400
264005
6830
2497
1853
7922
396097
34533
12389
16302
2108
6830
12322
60362
50919
6848
292
5432
31334
394309
812
8767
3215
8220
44651
56911
133579
8365
6848
60295
29562
3265
7018
7922
12392
3269
3320
6848
7922
7922
41843
7018
6830
29119
1103
6848
701
5089
8151
7922
4788
5650
37100
2018
37611
1221
262605
47680
37100
30619
3741
24757
37100
3999
13037
34779
25133
9930
6848
37611
36874
30844
30844
3215
37680
15808
12556
262605
29605
13004
12556
13092
3741
7545
42235
None
5432
42235
3741
56300
12576
3741
8816
2497
5432
63771
18121
5483
24992
7922
20115
7018
559
3215
701
1136
559
17676
5410
1901
3
15630
15600
39020
3352
49638
3352
36909
15022
6739
3262
25135
6848
766
20712
202368
20912
12389
60288
31200
206610
60924
6830
60252
5617
198668
20769
51862
12083
812
6830
3320
29608
54390
12757
35313
24323
24679
8953
25512
60415
42303
8473
680
42318
3333
5089
25513
3301
12389
39458
3265
12322
21502
13193
3215
55430
3215
3215
5607
5650
5391
None
10796
28573
5650
18480
20915
3320
4773
18106
56478
31334
55392
60309
42541
20115
201709
131310
5645
15435
54665
7545
6871
47610
13354
33915
13030
20845
41164
5089
3269
12395
25394
1136
29518
6830
7922
7922
15576
4773
50543
52173
43050
58629
4773
18106
15372
8220
2514
4773
5089
6752
39326
16281
135134
3320
5410
56679
7922
13037
7922
3209
209
3320
3320
11351
3320
6830
15426
5607
15802
13037
200964
8462
5607
6830
35612
5089
2856
8285
3326
13124
30848
24921
6830
43065
34934
8047
35158
3292
8881
6407
20910
3741
199938
12578
5645
12594
3741
6871
31334
12414
7922
7922
30764
12322
25074
4773
20712
40788
9158
55391
852
35125
197133
29670
2856
6805
5089
37611
1403
44417
2119
4713
6871
2510
56478
28683
21282
24439
37513
5089
9790
6805
9269
9269
3320
680
3320
5089
57356
57356
1759
135106
13037
46293
786
5089
13037
16086
719
6871
786
11404
7922
4837
60036
16353
15943
None
20676
3269
4922
20001
20485
680
3265
35244
6830
None
42560
11478
12576
28573
15623
199291
6848
28792
3265
20926
20001
3209
47474
10091
3265
21365
37457
3320
35612
4764
20626
25596
2259
37054
24916
3320
6360
42610
3320
5432
20712
8881
31334
3215
6830
12874
2119
7922
7922
3320
2856
42893
25596
2609
3269
12874
3269
5089
56300
7922
4764
19171
6830
40788
6830
51782
29562
25579
6128
7922
58587
197133
3320
9351
12430
17676
17931
6739
2514
6939
42378
12479
33788
20712
50231
29007
31242
29314
7922
5719
2515
37560
12470
12594
12324
47377
5432
5607
29518
56478
37406
3491
1764
3491
36902
36996
3491
3491
198420
5719
6848
3215
3265
33445
786
6848
5432
39522
3209
202194
11426
7922
701
55391
5610
33915
5610
5645
60713
812
812
12513
5645
196740
20115
31334
50266
4773
3265
9105
4844
35612
3265
3292
5645
57843
3320
7922
2119
3320
3320
5645
12874
30722
8473
6830
59702
31334
20655
50448
196750
11260
6848
51873
20911
52314
61044
37457
37453
3597
52323
37611
15399
34695
6848
14522
37577
2856
12779
5617
14754
24751
852
701
3265
4007
37457
197095
12620
198385
12620
16086
3265
25002
9070
15802
25596
5430
25374
42387
6736
11427
6830
16086
201333
50585
58046
2119
56478
48139
3331
7922
3320
812
39651
15547
3352
7922
3352
680
12290
16086
6830
50581
3215
2514
43205
5410
201453
5617
37183
13030
20712
5607
3269
28118
28909
35393
25596
4685
1136
9605
8473
12912
3292
8365
42652
3320
11351
11232
13237
719
39544
6830
44558
6866
12322
9145
5650
10796
5410
5650
11351
3265
3265
156
42459
15502
47215
12389
3320
7303
21021
12741
12871
15435
12322
134697
3215
3215
8422
201709
3209
2611
5410
44365
3329
56478
6805
15895
1273
134000
32098
13037
3215
7545
42000
15685
15943
28573
22639
37705
52
35266
12322
6400
16814
43847
20115
29695
7992
9506
2497
5483
8422
3215
15943
20001
15088
13122
6752
1403
12322
45671
701
11492
18106
39542
6057
174
8473
33363
12322
6871
5645
56300
34971
12322
2856
13037
2119
15557
25660
13188
7922
3329
None
20001
6830
680
20001
7922
3215
3215
18106
13189
5650
36149
5410
2860
6830
35492
701
12923
3246
5089
None
48154
3320
852
5607
1764
6830
20853
5089
12322
15943
6805
6855
2856
32329
6400
7922
701
3269
6830
2119
209
48943
8866
5421
29580
31287
34224
35489
3265
28573
21183
1836
12392
6830
2527
29396
39647
3209
9070
60351
12414
25394
13045
8365
2856
42093
57118
51873
35141
199871
43205
8717
6802
29485
None
6802
6856
8359
5432
8866
39505
35141
6802
16322
14061
327750
36937
5391
37172
209
32653
50810
37645
8422
47610
29562
3320
3209
3320
8473
3209
3320
200519
8365
6830
31549
4812
21021
27733
1221
3320
8365
203898
197207
9127
31042
13194
60304
705
5483
6830
3352
8990
7018
15557
198167
2856
197083
32881
60316
13036
3320
12322
133075
1835
204151
28573
3320
43557
8251
12322
12322
8251
51083
5610
44384
6830
26615
15425
2852
22548
5617
31122
6830
6830
3215
6830
61194
15614
50583
51083
48200
5392
29695
202657
61006
701
28972
7594
59990
42000
7922
2119
20766
26615
12322
39544
7922
3215
5610
43366
15557
2607
35141
3215
3215
46375
35540
3215
3215
29396
199256
30722
4739
209
11776
22773
31055
7922
3215
3215
3215
5410
20712
3215
15502
20956
378
812
25540
20001
5410
3215
33915
209792
3215
7922
3215
12322
3215
1136
12322
3265
3215
2200
12322
3215
12322
7575
56055
28573
134316
9498
7470
5410
3215
3215
12322
35540
12322
20565
12322
12322
5410
5410
3215
3215
15598
3215
3215
3215
12322
3215
12322
12322
5432
3215
15557
5410
3215
15557
3215
12322
3215
3215
12392
133051
15557
3215
12322
35540
3215
16347
12322
3215
5410
12322
12322
3215
21502
12322
12322
24550
6799
35540
3320
12322
3215
35540
3215
12322
197076
21637
12322
13110
3215
8228
6830
12322
3215
5410
2200
13030
3320
47377
12322
3215
12322
25106
3215
60879
6327
42518
49560
6830
32881
12392
38566
33915
5769
31514
3215
680
3292
8866
6327
21502
5432
25180
13287
47451
5617
34781
15557
49931
209
5432
12322
15547
701
701
32354
6908
201505
7922
6736
6736
6908
41164
6471
60163
52366
7922
7922
48200
8426
12322
203432
9930
9085
5607
8282
6908
15557
20712
12874
5410
20880
6830
24877
5408
35540
133579
3215
12322
12464
8680
577
20848
11404
24560
237
6058
35612
786
28573
25106
2603
8402
3367
8359
9198
42610
7922
224
224
29226
2116
2119
43097
31514
48166
199860
56534
49583
8402
3265
8641
6908
7922
25513
32881
137
29062
20776
21446
57809
197882
41562
8402
43557
10010
5645
7018
6799
199103
15796
6830
6057
6327
378
11051
198420
41783
852
378
12322
378
378
24961
29321
378
378
378
42298
20766
15964
378
378
15964
40981
31693
6327
6661
19662
14061
5650
33885
202032
12322
1403
12322
11727
25248
16019
16591
205726
7922
33915
6830
35540
5410
35046
6830
37492
30722
5089
6830
3265
197119
1653
262178
24893
12353
20545
201822
786
199081
15344
5089
5578
44973
31679
5408
239
34245
60846
6855
49941
8466
31042
327817
41897
9121
1237
200770
39875
10197
31042
23855
37520
49115
12348
9329
9329
4796
4616
None
51082
40788
10620
205523
6128
35314
15965
12392
5410
42642
7922
50266
7727
7922
5432
51718
7922
25255
49401
15502
20712
2514
12775
16342
8881
15716
16030
34549
199484
3301
7922
48460
2856
199853
5466
4809
43583
202215
5410
15594
3269
7018
28728
22047
18126
5466
5466
10094
12252
2519
203953
198335
55430
1213
5432
8564
20845
3320
15965
7922
5466
6830
20712
7922
7922
33915
2856
13178
6079
51263
852
43507
37309
852
11427
20115
198731
16246
5432
31334
12360
44084
4804
1759
9198
35378
29314
47237
8982
7922
701
7922
7018
7922
12389
35140
3352
39007
43754
8374
6752
15557
16724
11427
12389
8251
12993
8365
16246
21502
30298
48971
40490
8251
42473
29580
10197
16
21413
34749
33915
43542
15547
137
31042
35613
10197
2119
38229
31479
786
20001
786
7922
11845
197975
33824
6830
8251
12322
5547
12252
28725
60820
37008
7922
61349
577
6752
38229
38229
786
6752
8551
42525
36351
577
51806
28725
6752
10091
28725
35613
16160
18106
11351
328316
5650
51263
8315
3352
15450
2119
47438
34580
3209
20712
25431
33915
44066
201860
3303
3265
44507
43413
12479
25431
6327
7713
31257
25887
35328
43451
35328
8518
35328
35328
45458
197335
1136
9872
58885
32881
4385
701
43557
198336
44941
198967
16245
3215
6697
28849
25106
16353
12322
6830
31334
None
6830
58239
2107
2107
2107
34779
36423
25431
60111
42682
3320
47623
25500
12687
29599
47623
43384
20545
2856
44964
4760
395089
7922
7018
43437
12322
5650
51669
32437
63848
20001
9116
5607
17676
34779
9116
6871
12768
5650
7922
55536
31370
36236
17676
5089
61102
7570
60426
None
2518
36731
2686
41026
17721
51551
5650
812
12714
46375
135132
44369
7922
37002
7922
17552
25061
63927
135162
133498
62353
21513
8764
37187
25151
701
328316
25512
31246
196697
6830
46375
206177
5432
7922
46375
197219
39647
8339
7922
8422
22773
26721
7922
7477
33837
49896
44431
2200
198452
199524
6830
198208
9026
62225
199324
199524
28742
51265
56566
45629
48137
5769
40029
6661
24586
6661
15557
22773
39704
49402
198370
62275
61189
24895
200043
56641
42927
196810
199524
15894
24768
49788
198853
43406
None
5610
24889
30764
43260
41275
25441
6830
23889
27833
3215
11426
2614
26094
45267
1901
49711
11426
3320
44946
7018
16652
21021
201686
9198
8473
51132
35369
20686
None
29695
5432
37002
9198
10013
59441
31334
44567
9198
3303
60721
61438
11404
37054
37537
16322
48362
20712
13005
14988
7018
60804
28889
6752
5089
27929
31960
396503
24691
37054
42810
49788
59414
7922
12816
3215
3320
5089
209
21221
31727
56300
47645
3320
3320
8437
12591
8591
7922
60810
3549
9198
21232
2119
21195
14754
6799
39637
21334
29321
2614
35263
51978
12322
48284
62267
1136
42313
43826
1109
29695
1136
15435
8687
33915
7247
1764
18106
56456
24183
45131
198089
855
18106
21230
39184
34984
25248
20723
21570
43754
29208
37468
43754
200174
197019
21021
44124
45014
9198
8364
22773
6830
21211
5617
577
61958
5432
553
39578
553
553
42652
21232
553
553
553
553
1267
553
553
553
553
34779
553
553
553
553
553
553
30722
41828
8821
39087
3269
3269
553
13005
33915
3215
49037
5089
3215
3215
553
197708
3265
6739
553
553
224
553
59105
6830
7922
2856
20115
40497
7922
34790
41668
37126
553
6830
4773
7922
205235
3249
46375
701
7922
33588
7018
7018
8395
7922
49254
56740
18106
9245
17072
64095
42772
6315
42772
37054
42313
31549
37611
49711
20115
39898
2611
20561
8881
60876
39257
49594
49808
6147
9121
15557
9198
41008
8741
3215
3301
9198
3215
3320
16188
5786
8334
49847
852
12145
3269
31042
48441
719
7922
8473
8990
9198
3320
23007
6830
50324
5769
3265
58220
5588
59702
20849
15704
3491
15557
12570
5410
33915
12145
5645
3269
59
6848
3292
197889
44489
8365
15557
12350
25156
12322
15557
24848
3215
9198
3215
20647
43754
3320
7545
4739
203228
41998
15397
198290
57407
17732
5650
13189
43754
43754
29695
6855
43754
23969
9198
16125
None
9198
3265
5390
25091
8764
48438
6830
47110
31272
3320
35540
43754
6830
2516
3215
15576
30722
43754
61287
4766
38229
719
60983
59789
7018
786
7922
7922
199441
2856
31461
13657
38841
855
559
7922
13167
2613
20545
5607
9166
39702
8636
42610
31241
38229
60022
786
28685
3292
9269
5769
197157
31221
41095
9031
8820
6830
24167
29208
47236
24904
852
2848
56456
51906
8468
28716
12912
13036
200114
5588
47227
203618
21385
39396
57642
198725
197895
29314
5610
49024
25543
25472
5466
3320
40788
39087
15502
16218
19108
13657
39318
4773
35280
12271
3215
28573
34154
7922
48220
20750
12333
3269
33885
48863
61343
34106
28716
30786
7922
701
6128
16066
31124
43531
51349
8241
60187
58820
15544
34760
29504
197729
15544
197046
158
29194
201155
7018
13110
46375
62352
2119
200043
18403
35540
19653
28854
33588
12319
6823
2119
327859
9299
174
7922
44869
48964
20677
701
34622
46019
63311
39544
4766
1221
8758
395570
39544
21775
25513
31337
262691
4739
131743
5607
4771
49029
701
6830
44491
28885
41176
45650
60651
1213
29385
44234
58328
56933
12905
43801
56911
42253
57631
56911
8887
6661
26935
393249
209
852
38800
52341
209
7922
7922
33588
33894
25255
4787
23951
132255
17996
5563
49342
56099
9433
23955
4771
701
23944
680
7922
133334
9340
8764
56241
11170
42610
44267
37100
6908
13672
38896
7922
10131
27699
17622
22047
None
15772
3269
3215
3269
57469
15930
13030
3269
29305
39375
39560
42673
6730
2860
30722
199547
3209
8285
1241
3265
60156
1267
6830
3269
49640
1267
3269
200675
51184
6830
59970
61211
39699
43437
3269
51417
199723
59752
57154
197540
21412
15535
29484
60294
24904
15557
16245
62023
16191
20712
15415
199662
6830
200925
20712
3215
62365
39326
20712
13037
6830
6830
31334
6830
45186
35826
5607
34245
48901
3269
701
5607
8881
34970
62416
198864
None
8447
12353
25255
3320
34878
553
51395
34372
553
29252
553
57118
25255
49071
12322
15517
8866
34878
34878
202078
6830
13036
34878
56588
6871
8445
15589
3320
553
3303
12874
29314
8445
43956
29695
8445
5645
34087
553
47834
8881
49455
786
2611
6730
6830
8447
3269
3215
27947
44684
56478
12392
553
41549
5410
12835
24309
24764
224
41937
1797
3216
3215
20676
553
29119
553
29562
553
224
12392
12835
8251
21183
36890
2119
45650
45186
131322
20294
37090
38565
17501
17501
35613
24691
8821
42313
12430
42313
35444
37532
3320
7922
4528
42313
21183
37611
1136
3352
27843
22773
49779
4771
15964
13037
34218
8477
12479
44746
51038
15673
10143
10098
42313
9500
4788
7922
15964
3320
62282
1901
21183
4608
23951
2381
21246
12543
11404
7922
7642
44096
38195
50266
5607
6830
16353
25596
24444
56300
25596
4773
48166
34123
4771
32365
13037
7922
6830
18881
25887
12714
55850
12322
24399
28006
45838
6830
39878
3320
56478
6830
3215
8412
3320
15725
35540
42442
34373
5610
3352
61094
3320
27983
43061
12322
42442
5409
3320
44994
42557
9121
12874
6830
29562
3213
31655
29314
43171
31493
42541
3265
20712
8369
35518
1133
5617
9008
3320
3320
41696
2529
3215
719
21173
29208
5089
3269
15965
31477
24768
2200
6846
1241
3303
553
6830
12353
8881
51083
8881
200862
3320
201494
7029
6855
13030
5432
6939
201852
39151
5396
12570
197595
8220
45011
6830
3301
5410
41018
44641
6830
553
7922
8632
23756
5483
203953
3352
49605
12322
29462
328162
20712
15399
37153
37282
559
812
133481
6830
48173
62341
25255
25106
7713
197021
44788
55569
59455
38285
55850
7018
44788
29413
3269
55850
34779
3320
12353
61287
15368
None
8866
201860
51728
63774
3352
198930
13045
3265
49719
6830
9125
6821
12512
12322
12322
6830
9105
41103
3320
680
22773
33915
8767
9824
29287
12793
7922
17523
60323
45600
3320
6830
3320
41095
42189
174
42490
20115
6360
5738
5650
13092
3320
5432
51395
38949
28908
31042
6848
4775
56478
12565
50825
12322
43205
38635
3221
3221
2833
12423
137
2856
3221
8346
15435
6360
1955
3320
41164
28859
51401
48072
8473
3209
3314
6703
8473
6830
7922
6830
1136
62099
327809
3303
20001
17017
11131
10796
5607
8430
12389
15735
3605
24680
23655
131995
56089
18119
3605
18200
9790
55863
23033
4771
9105
45650
12883
None
8749
5650
37705
17480
28573
7922
20001
48666
7922
701
7922
7922
38592
3277
132199
395400
3605
5607
10131
20115
12389
4771
42313
48293
2856
203730
34232
6830
15510
47165
701
55430
209
203457
198977
17456
7922
58473
3265
7922
6830
7922
199524
18451
51057
577
198936
39651
12353
51865
7922
197076
4771
3269
3491
3265
12322
21476
2119
34410
12322
62290
6830
34081
2119
15623
49981
3215
15557
36903
49724
27775
20523
8422
202089
30781
41242
3215
6848
50673
12322
3292
35515
6848
16178
200155
16364
25058
201806
28760
3320
8881
6830
47544
61984
60111
5410
197288
60749
3215
2200
209
38227
9821
13037
11814
7018
14754
199524
11290
3605
5089
31034
6830
1267
41446
577
2856
7922
41424
7922
42819
200161
5786
40788
41202
7922
36351
2516
203670
5650
49037
15962
5645
201499
48403
30962
44160
3215
41585
786
12414
3212
3303
34568
43571
33915
3352
49420
42303
31334
5397
39555
2119
35665
6830
28685
3265
12322
12876
12322
15895
25417
15962
8473
57656
8311
1853
3292
16086
61169
16141
3215
12322
6830
12322
49605
60664
1241
5410
30764
199652
203953
7738
59793
4434
12066
3352
3269
24192
34288
12874
1759
20712
None
33915
3269
199516
25459
15557
15962
200770
1267
17705
12322
17705
63318
134715
4771
9534
24560
45725
56030
33915
6830
20657
17501
3329
8522
24233
28110
34569
17676
35805
37197
12143
27747
61468
39020
3209
56647
6830
34385
41176
8881
12322
3301
8522
13237
206157
6730
3262
35699
12479
17625
7922
4657
4804
11556
31633
2818
22047
135448
204151
22047
3215
5488
3265
43557
3320
200490
51862
701
3999
8304
199554
56339
8326
59890
25054
3265
12618
49867
201169
13000
8447
29562
43557
None
31658
203969
20889
15969
12824
31673
5410
8473
16298
33923
25887
199119
34372
3215
8515
25887
15038
25887
15038
8422
3265
2119
1136
50266
29396
25596
553
3320
9031
3292
3301
35540
25596
33915
15589
8447
200519
29066
43520
25596
5410
50266
33915
50858
33984
199964
198161
15435
8302
15542
12941
15435
1267
680
2856
6830
6830
15623
39642
6830
25887
12322
3320
60294
131749
28768
7545
132664
15754
22773
24521
6830
57943
7679
13037
22773
812
5432
3352
3303
12322
812
3265
34779
57503
198722
8767
41913
200050
8426
25596
21235
198612
55430
3243
3265
33915
201290
12508
1712
8708
12322
33915
202463
3265
43957
43848
60447
9031
15516
5432
25374
199743
200915
60049
3320
8426
47217
8881
28831
39729
31334
3303
24651
12322
59507
3215
7642
28573
37303
22773
13127
9116
11351
15480
577
200981
21379
7922
53923
1680
44053
701
13037
395592
29562
58224
8670
26592
37037
1136
30925
327844
44208
3269
58224
45355
45037
39651
3320
50926
12824
3303
58224
199811
202032
62094
3301
38880
13037
9119
395089
8881
31042
2119
13189
202032
3215
35227
5607
58224
20625
1653
12897
209
34948
12571
9145
3209
5650
7018
8823
133661
13285
15557
5483
17506
35612
3215
14615
45355
3320
6730
786
3320
16322
204796
2856
9135
7922
13037
45184
24989
23148
33984
41653
32440
201011
8473
200738
7922
12714
33363
18419
3265
6830
3462
22773
37705
1267
4804
4760
12849
42334
7922
133318
51561
7922
4760
58224
12322
4851
701
10130
42571
9506
64073
4771
56616
9829
50345
44691
35456
47271
62227
44053
16300
35807
4657
24560
62173
6503
6871
135226
132165
1221
38170
59729
31138
16591
20853
38220
131583
37100
2609
11232
13037
60162
4773
4773
12874
27216
132268
17974
58224
57420
24309
5432
131442
6830
39642
47447
3352
6871
135260
57199
37100
4788
37100
37100
198024
55430
6830
8468
34080
198781
203797
58273
21161
50585
6848
16245
3303
12479
28972
6830
8551
3292
5432
48379
51309
37100
8339
35444
9430
23184
132933
58224
33234
22211
43197
7477
51090
52455
16628
39608
47623
43320
8591
2860
6830
8412
8447
6830
23955
6703
196638
25455
15895
8334
12662
197738
35804
17671
17974
1901
14522
41689
1930
37100
16097
3269
27883
8551
34779
12374
34788
15974
49952
25472
4515
5610
25472
13188
60781
43940
60781
702
15600
13030
6830
8447
21309
6799
6830
7018
21430
60032
209
6830
3209
60032
5610
3215
16200
39737
1901
7922
5719
27747
16591
39761
58224
3215
13030
9790
3216
4713
23969
1136
47956
24309
5650
53610
4
24550
7522
198247
33915
8551
7753
55101
5603
56478
21502
49436
5650
33097
9304
3320
1136
3265
33915
16591
3265
7922
1136
12578
6830
6830
3352
33915
9930
50266
46073
8220
1759
3320
8468
9145
35540
47697
1136
12426
31117
7922
3215
7922
None
719
133481
28851
4739
8359
3292
13319
60036
43754
1764
20912
33915
54417
6848
196782
24961
203296
49420
812
51207
23655
58224
58224
6805
58224
58224
58224
50810
58224
58224
204053
50873
34056
20609
5410
50980
20569
6830
17676
1136
6871
53910
136621
15435
20001
203944
197078
8339
9534
9824
5089
6830
33915
50449
6079
6730
55430
5410
34960
3265
11351
197204
6830
25596
20001
1403
54841
198901
51892
1136
8468
3320
7642
33915
42905
3269
50163
5410
790
3269
29226
12389
2527
60876
7922
12389
680
21502
5483
13037
3215
1741
61156
13030
3215
35540
3320
34383
29933
6848
3269
39257
8473
3303
15600
55391
10010
12849
3209
2497
8881
13030
22047
3320
50204
12871
29695
719
33915
209
12552
6830
3269
8447
6830
51207
200836
719
1759
49586
3215
47304
12897
2516
16296
50463
62078
719
701
47794
8551
35612
12392
12897
209
812
12849
3209
10796
1759
719
12714
6805
3320
3320
60874
17676
11351
3326
8612
6830
3209
58224
58224
5483
13285
3265
553
58224
25229
3352
58224
3269
61102
2856
13156
12307
11814
3359
8551
196745
4685
17518
5089
7922
25513
22773
8788
3320
8551
7922
8468
29562
10620
7018
2110
202329
9208
35540
13036
21502
203201
9500
3320
4704
30036
5410
3215
8612
12389
15557
22773
9009
31334
6830
16086
6830
3320
13046
3269
16086
25472
3303
7922
40975
6830
35540
7922
15962
8402
8612
203296
9145
62455
58820
58820
37084
39811
3741
15344
60471
262981
6147
52432
47524
61468
264663
27747
11888
328039
21183
21183
35540
27747
6830
8328
8881
3215
31027
3215
12322
9145
29484
27699
8881
15557
15557
21351
3269
12874
3320
13037
57413
10242
3209
28573
15895
9145
16185
2516
49273
9790
133481
5089
39544
47304
23719
262583
22773
701
41242
88
3320
6677
577
3320
3209
7922
20001
29695
16086
30781
6908
12271
None
50130
16086
5089
3320
8881
31334
6830
1221
22773
20773
201014
48768
6849
29032
25394
43402
50316
3303
28891
6830
12874
209
5408
7922
8248
15389
24757
1241
15943
203732
3320
31655
29655
33819
None
34916
6799
2907
209
13030
15623
8896
51468
6866
8447
197580
8881
203412
2856
30722
57370
61174
8402
6799
52344
45899
6799
3269
25255
None
3269
264640
59815
59128
35444
209
5408
12496
3209
None
17676
30722
1267
57079
41405
6830
26615
701
3265
2856
48149
41495
42393
24560
7922
12400
7922
50712
3215
5089
27699
28573
4764
7922
59105
3209
33983
27884
7922
7922
23655
24955
57961
1257
42313
57961
4713
7922
14813
20686
3215
8881
8767
198537
5410
16302
6677
None
24904
8208
719
3209
49920
None
37457
719
790
3320
9145
42334
198651
15557
7922
201877
12322
44424
50304
10796
3215
48943
3215
3320
31642
5410
31200
264196
2514
11260
1759
9617
3320
29317
48945
17506
43478
6830
3269
9268
56478
17511
29695
7667
9464
8365
17506
4713
11814
44634
11814
3269
3301
5410
4713
3215
39651
50266
15962
3303
31167
200077
5432
33885
5410
59780
198864
21502
12874
21309
45510
1267
3215
8447
34867
6830
13030
197288
205112
8473
719
56635
680
42313
6882
15547
6799
33915
2107
48821
134111
790
12874
3320
197922
8346
3265
3269
18196
7545
42252
202540
25596
29587
7922
33915
61174
15547
4771
7922
812
3265
7922
22773
7018
12772
60319
5390
4764
43203
8251
35807
1136
21309
197602
5617
12849
1136
9318
4771
31334
3320
3212
33915
4804
17385
59105
28685
20001
11404
None
8339
3215
3216
48804
8447
33915
6400
51004
3320
64429
6830
5518
8151
9145
10796
9145
3320
25255
2856
15600
3215
25515
7922
6830
24955
25596
50712
49828
202625
2856
46454
31334
7922
7922
17676
55685
701
4181
6830
5607
35154
7922
7545
25255
3265
20686
15955
53166
4766
7922
17511
35816
8334
13037
38794
55666
22727
4713
13037
10143
13045
39642
22548
701
13045
680
3265
29562
3215
9116
40980
8445
6805
6805
6830
51935
49931
13030
5505
6805
29562
21032
15557
13026
5432
559
8447
207036
50783
12605
None
50595
701
8262
5089
17676
5089
37090
4713
59105
59105
45725
5089
7922
135014
2497
33915
54054
3265
35239
9829
6830
39642
12322
12322
6848
34049
31334
45437
20676
None
8866
3320
4713
196819
15557
5410
35063
12322
3215
None
3320
8881
3269
7604
3320
3215
43557
8758
12322
57084
6805
3320
3320
25255
8881
8881
201641
6830
31334
15943
3320
3320
3320
20880
55
7922
10143
33083
26932
3320
28885
9198
1221
49100
17882
37049
2907
45118
7018
7922
6805
48642
7922
2516
18809
45838
44395
41843
26801
27833
4764
45629
264843
7922
29286
200077
14007
20712
36866
20504
5607
51375
6871
37670
577
12389
6871
15830
48152
39273
8422
3209
198726
8881
6830
31334
6830
3320
31334
29562
6830
3320
None
8422
None
6830
3215
5410
20115
12480
8218
3320
45725
3320
5410
9051
56478
60294
8422
31334
8881
15557
209
6830
16086
35244
11426
45725
16097
197637
3320
31334
3320
4764
3320
3320
15747
2107
8928
3352
3320
209
201072
3320
3215
3320
31334
31334
12871
3320
31334
3320
3320
31334
701
6805
20880
29562
6830
6830
3320
3320
8422
8422
8881
2856
42455
3320
12322
39567
5416
8881
None
16302
15516
3320
206637
51182
29580
48685
24904
1136
9145
199480
8881
3320
786
1136
3320
1221
5410
62276
6830
39560
719
47524
6830
3320
132245
41230
31334
20798
45797
8881
201011
3320
57214
3320
41164
59967
20723
199236
64429
8220
1213
29562
6677
3301
6830
3320
8447
5645
15497
8881
9158
15557
3320
8881
31334
3320
3215
16302
3320
3215
None
6758
31334
3320
3320
3246
5410
35540
206313
3320
39651
None
31334
8422
3320
51207
3320
198930
8881
8708
3320
3215
21502
12322
5410
553
3292
3320
13101
31334
8767
3320
16202
6830
6830
3320
3320
8881
680
6830
12741
3320
8881
5410
6830
15557
680
34705
8881
3320
8881
25255
8351
3215
5610
29562
31317
8422
6830
3320
35244
13030
3320
5410
12322
31334
12322
3249
56339
6848
43016
6805
8881
207080
3292
3320
6830
134053
7602
24213
34977
5617
6830
2110
199846
3741
51784
24631
201094
33915
56402
1133
48359
18997
4647
395400
49284
24309
54182
2108
33915
31054
35007
6830
50710
13319
3320
3320
13046
3320
9829
3320
6799
8881
134053
None
3265
12684
3320
210036
23201
34779
327687
36868
35540
2549
52694
24691
28130
3352
197437
39010
8053
None
15547
36868
29222
29032
41722
3243
2200
20764
21351
35171
12479
41722
28024
6752
59627
37286
50810
201588
51074
26610
2716
13030
6830
3303
265830
13030
15600
9044
3301
1273
3303
206548
36903
3320
14813
6821
28067
15964
27699
264806
39790
39074
22047
6400
265826
35019
29555
33915
6400
5089
33915
48265
6830
264663
49100
37680
63859
3320
9790
5769
48503
9500
3269
23693
19016
12066
209
5661
56040
701
202094
7922
701
11427
20712
3450
24309
1241
852
49100
4608
5089
5089
2856
12177
577
2518
8680
14813
46408
22773
20766
18126
196881
6057
3215
9790
11081
15399
701
7922
7922
52362
719
31037
16086
8758
12392
1267
35699
10796
29032
50877
3352
3215
3215
206557
3215
9103
197029
31246
29562
200781
29562
31334
206557
2116
8220
2119
49375
852
394893
30766
7065
6739
15557
15557
42525
3215
12271
12271
60294
6799
15659
5432
29695
1241
9145
2119
17747
39651
6758
3269
206557
3215
31334
49964
64478
50020
6661
8881
35593
13030
39642
34660
6327
3292
5410
5432
20559
36947
41887
21472
50596
7922
8437
49140
33915
6400
202012
6830
7922
12390
5432
12392
35239
5607
59324
6327
6848
207080
49673
6848
64444
44090
17356
50266
12714
12714
9031
6327
1136
6830
2527
7922
60852
3215
21162
7018
202940
43751
7122
203568
60764
4739
5432
3320
33915
31076
3320
5410
133802
133959
1267
17747
9304
3320
48503
18881
200851
200970
34497
55824
8859
35540
28330
12735
3215
7922
48293
57293
3320
3215
1136
8540
6830
8685
16095
12431
29104
15704
39444
3209
5516
3320
15735
43578
31736
12322
34803
3303
3320
39886
50628
50864
1653
200062
201419
3320
31334
25513
30722
16030
8881
15685
25424
43557
2116
8365
205100
39904
31334
15557
15366
8562
6661
16342
31510
3215
13189
12322
12322
3320
20880
35457
202898
43910
701
30793
60273
29562
12322
6057
6805
31133
5410
201701
2518
6830
51300
14754
3265
204151
3320
203815
45725
8866
29562
12322
13285
15557
51088
8551
6830
29562
24523
3215
6799
2856
205147
3265
3269
6830
199348
2527
43766
15943
12322
8412
198657
6830
3320
3301
5391
6830
48155
203882
12322
29208
31334
3320
3215
16276
34928
41733
9031
6848
39375
43127
8708
45011
12322
39613
49059
34659
24940
3320
8881
35432
12301
39122
199758
12874
3320
3269
35540
15557
3320
12874
6830
12322
57365
12322
28857
29670
30722
48503
47169
3320
3215
8422
199971
3320
42864
13306
42120
20580
42005
28929
6661
3320
30722
6830
30722
43611
24951
3303
60314
5602
21309
15474
30722
44974
7922
22773
29314
1221
18516
31334
12874
30722
28885
29562
28885
20115
6568
21021
21021
27882
12322
39150
25135
3215
10796
26210
19108
12741
5432
199284
852
7922
3320
199167
43667
45725
199805
701
25596
15934
25596
62250
28812
4538
174
4771
1136
41495
134053
11427
174
45725
6830
12083
133324
10993
55555
210312
577
7713
19905
5607
262239
25596
3265
28685
6905
7477
12969
7922
56304
12880
133749
28094
852
20001
45773
7922
7922
4
134067
13037
51052
137576
1136
58436
262913
577
25596
5413
46375
701
7922
11351
11426
52228
27790
5410
6871
61506
7922
8437
25180
204234
197985
8586
4134
5769
6871
6730
11556
262197
7418
577
206375
None
262394
48858
48858
42395
47683
7303
6830
3215
1140
31240
6772
265826
5089
13037
30325
3265
6830
3215
199712
34781
43171
3215
199571
37611
42490
31334
34156
12322
20115
12322
6128
3320
21502
49009
6830
3215
7922
57809
8094
8094
3215
13030
3215
6830
58328
12322
8767
15796
10796
6730
14868
47283
12629
33915
3215
12322
3215
196797
8094
6772
3209
51664
8362
3215
34779
15557
21171
12337
8708
201213
6830
199412
201011
12709
50316
56403
3303
3269
202716
29680
3269
12357
45011
8881
6830
50621
8767
60294
198471
6830
31263
6724
35179
6739
30722
31543
1267
12874
1289
3320
24889
3269
3269
1759
31334
199101
15941
203593
51319
31334
39250
35540
6830
196874
3269
12322
8422
3320
12322
29314
35612
3320
35361
34758
12322
3269
3303
3209
6830
8228
20810
34695
44385
5410
12322
5610
3320
5410
13193
11427
2119
49767
3215
3215
8612
15663
6830
3320
199348
50873
6830
13097
3215
12322
3215
3320
3303
3320
8881
12874
15557
3320
3320
29104
31334
64396
6753
8251
3215
8612
12322
43847
6730
12322
8422
3320
31334
15557
21502
3320
3320
8881
8767
12611
12322
3320
3303
3215
3215
1267
9145
12906
34188
10796
6661
5089
8821
6830
8708
31334
8447
55430
200924
12392
202605
60876
12322
52029
35627
3215
31334
8767
47223
None
12322
3303
6830
3320
39651
29518
6830
29562
29562
13030
3320
3215
None
12392
31334
6830
6830
5089
41998
9829
23860
41753
3215
31246
197564
12322
31287
15389
60757
3215
3320
12552
3320
43709
45011
15557
3215
44869
6830
47784
3215
12322
12322
3303
12322
17506
3215
20750
3320
9605
13189
5432
197227
27882
12322
6568
35540
42800
31334
6830
49594
7679
22773
21502
5432
6799
6568
6568
26210
43395
13030
15557
12874
39651
3215
16202
12322
34779
39816
8708
49088
12322
31334
22773
3320
12874
2860
15366
57963
3209
38987
3320
8881
12322
49596
8346
21232
55430
7922
51411
21502
26210
1136
42968
3269
6568
2497
3215
198754
52424
28186
59125
8473
209
6730
200561
41876
3215
199309
21502
6568
11976
10318
29518
12430
12322
3303
59827
8452
786
20712
197078
62040
786
33915
786
786
786
786
59395
25596
137
8374
1901
25428
8346
33182
53591
13037
3301
8708
6830
13037
61215
3335
3320
206130
14840
9198
1221
50042
394989
34108
1136
58075
15870
4739
7922
12322
7018
42337
52364
33915
1103
2527
11351
2527
50810
37680
5645
64413
58224
8220
29518
3320
205891
39636
207156
6830
3215
9145
6830
8881
16322
328098
7922
11888
13189
132215
23523
6830
13037
45224
55391
43679
43212
6871
25106
12322
61327
10796
33915
3320
52262
44050
3265
48503
9269
55430
3215
5607
12859
13037
10143
10318
3303
25408
206637
1653
15557
17380
8473
23862
3320
5432
7922
48503
42160
20804
18150
43557
51773
22773
198668
52000
48526
59737
4764
1967
59622
48472
3215
701
44943
2108
15557
12322
577
60876
30880
8866
15962
12322
63479
6128
6739
48526
201290
8657
201887
3265
14043
20001
2856
7922
7922
29555
3320
48503
199937
205775
46375
43905
701
10381
39616
22192
4739
9145
61272
209
6830
12322
12322
3301
3320
27882
701
203817
12479
7922
3215
6697
25106
13041
56740
6697
21502
12322
203687
50661
2527
24691
7922
15557
6739
3215
47524
2856
48446
197809
135328
394102
3215
15817
59444
12709
2856
25540
6799
28573
12406
24691
6799
3269
27882
31549
6799
206339
15557
205555
57219
6830
6830
3320
3320
3320
3209
29562
6867
3320
3269
21412
8559
47524
6799
7922
3320
202329
6724
205961
31334
786
3320
29555
25229
48503
5430
None
8228
42306
56515
49601
6805
3329
3320
51426
2516
2514
4713
8422
3320
55391
55391
6830
18747
19429
197422
4764
12874
3209
59573
42003
42401
21183
17948
35540
None
59105
3356
6830
56595
197971
3303
47889
18881
24088
50550
43754
25472
50300
201898
59105
35985
701
5645
38009
41841
22927
20115
58396
11427
34393
24560
51164
23951
50247
50188
49052
48846
3243
207141
24560
34471
6830
35267
48359
60531
9498
4739
5089
43754
4739
50457
8374
3215
24309
36903
20507
24309
12322
44244
7922
5089
3320
44914
9304
812
39263
3320
17813
8708
48252
8612
15576
3320
20811
2856
44090
7545
577
62125
30722
15557
17754
45005
9198
10010
701
15435
812
25180
16322
16243
9198
9198
7545
10010
5089
42549
7922
327814
43754
5739
16591
5089
12145
56478
4766
4713
37640
9198
1221
7922
22773
1136
7922
20115
207176
12480
5713
6057
32437
328366
15108
7922
59105
4134
6079
39650
58224
7922
38001
56503
17465
11845
6799
17676
15924
209
56040
27747
577
33915
36937
37519
9051
10796
263728
37199
6510
60932
701
52233
None
328145
36472
37640
17670
36874
37199
264787
27754
133797
27668
3
15975
37199
327817
4760
24955
812
7922
6830
12322
197686
134325
701
24634
12322
49455
6871
2856
62024
21274
196621
174
328098
3855
786
1136
22047
10003
51130
23523
None
15557
6830
6700
15614
12322
6830
4788
8928
7922
40981
37282
327805
37457
37150
37182
44712
51728
36874
328049
2860
852
43940
6830
5410
197021
7029
3265
59105
29009
8937
4764
40788
23523
7575
327941
9269
33915
852
12316
1136
10318
205046
60280
8422
2860
15471
12322
3215
25441
58075
30836
200043
3301
197659
16347
1835
31334
131755
701
30600
104
201422
3320
12322
23419
133802
33363
17451
6848
680
3320
3320
50017
12322
5432
29624
3320
20746
31334
13156
2588
15401
3320
58475
4787
12322
3215
3215
3215
21502
39886
6830
7690
7303
38987
2856
17
27828
701
28073
27833
262928
12222
7922
6057
6830
15743
27792
1797
17451
17451
61812
23419
8151
8881
3320
2119
12322
12322
16202
205521
3320
24961
3215
3320
8194
12539
24186
8881
25038
42184
24560
47583
60855
21502
8881
61211
31334
198721
2119
6830
31334
49036
3215
6848
57723
21413
3215
3215
56728
12322
31242
50894
1901
44914
47755
200077
3320
6661
20755
200031
4922
44194
3320
12874
577
3352
3215
48166
44395
None
204101
701
393522
701
701
21502
3215
205938
6799
6805
7922
48503
13127
3243
5391
267024
204052
6799
6871
207051
None
4922
45345
41419
8670
35567
202632
28099
9105
48503
206062
7922
7922
6871
18881
701
4764
135600
5089
2381
7922
58224
11426
31549
42337
31549
206013
6799
31017
7018
35505
39861
42337
35348
17676
42337
394197
60932
203752
203102
31042
3233
61399
200736
24757
48453
8400
15440
16125
6830
43700
7922
1267
3320
43341
3320
3320
202077
12322
43566
3352
12322
8422
None
3243
43382
203043
44489
3215
3320
6848
1267
37197
8412
47956
559
24904
8437
3326
31400
12322
8758
3215
6830
3320
5432
None
29562
2119
5610
44735
209
43205
198717
3320
9182
3215
6805
680
3209
34779
44735
3320
9009
200142
43341
34958
12252
3320
3292
13030
None
8991
5610
25229
5410
12322
5607
6677
44285
5432
38987
3320
8881
60319
3303
16322
6830
15370
3352
3301
9031
206006
34695
22927
None
17408
37684
12322
15704
12357
3265
6805
13030
3215
21502
3320
6739
5410
31259
327741
30923
29571
8881
13030
27771
6805
6830
15557
47297
199748
5432
6830
6830
None
6830
16276
133301
60294
12392
22047
8585
17747
42387
5607
8468
12392
31334
12880
5089
44244
16735
12576
3243
202562
11427
2497
31549
136620
12611
7922
6830
None
9198
6799
2527
31334
577
202329
15870
3320
7922
25019
6848
8708
8339
49808
5580
60876
6830
55850
5089
12322
2119
1136
43660
52495
39686
49821
7018
11426
22561
7922
31554
63242
25472
59665
32329
61438
719
56300
55850
30036
2716
17547
3213
8228
8708
2497
42615
20001
3209
9930
28548
48918
16591
11351
31334
203615
701
4837
5089
2856
23352
5645
5390
1249
56300
49100
18809
5432
5432
4764
4837
7459
46416
11427
18103
27882
8220
263762
9930
49645
20115
7992
8788
15557
2119
5089
12322
15704
3303
3450
2510
27294
41023
7018
9488
680
17501
206319
7679
6568
6830
42003
206268
4812
2586
3320
15704
198435
39912
8708
12322
3215
207044
12430
16110
12874
44451
6848
61110
204092
3243
8881
24921
29422
16232
3320
16117
6830
202329
56709
3269
5410
25569
47110
3320
21473
29562
3243
8251
59479
39651
9443
49405
15557
3209
57254
6855
48712
21502
203817
20912
60294
2516
30036
3243
31334
198611
203687
44185
197798
199319
198570
204126
20590
60294
3243
31334
12392
43495
5588
8881
27882
27882
198418
3269
3221
8612
41152
35539
56300
29599
197301
8937
3320
4713
26210
201283
8708
45671
1759
5089
3209
2119
3292
3352
7018
3243
2116
206594
1741
42863
197275
35244
9198
20115
39648
209
33363
49645
12479
2527
2860
3462
3292
137144
3249
33796
9050
7922
701
20115
6730
47548
5089
7922
9198
41872
3209
1267
198512
6871
1221
34610
34984
53740
8708
812
5432
5607
7018
46687
812
10796
2119
8473
3243
19108
13037
22334
701
7034
47524
786
35540
7922
13101
45638
None
3320
12083
2516
11426
31122
32148
133189
15517
19108
20001
15517
22773
8559
1221
5650
22773
26827
4764
5089
20115
7922
7018
4739
6871
12843
8228
7922
15557
27882
202329
6568
12322
3329
27882
3320
27882
9063
None
16591
61421
30886
27882
3243
57456
1136
7922
27882
45828
15943
1221
5650
8881
42682
6830
41275
4134
35323
812
1942
5645
136972
30742
6830
12389
3215
3320
30793
35540
31334
12322
6830
6830
3320
64314
12912
5410
6830
6830
3352
12611
62141
31334
29140
33923
31122
3215
31334
2856
6661
6805
64475
3215
8632
44124
29562
4704
19108
26210
8422
209
30813
205515
3215
7850
50467
2516
6830
10796
16019
41676
196969
56783
5650
29562
56478
701
7922
36903
46685
12161
12083
8452
12271
31549
209
3209
5610
15874
2119
20115
13969
701
202228
7922
7922
15542
6805
3215
8452
7018
8452
6830
4837
33588
28908
25620
15704
4739
40285
22047
20115
7545
11427
7184
60497
701
577
49472
1257
12578
204317
25596
4739
3265
7018
55785
6830
7922
16230
32100
2588
7922
7018
12578
24651
58224
11426
9050
54869
207254
8819
51690
56449
25273
5610
8612
206288
6700
198709
199606
57342
50411
57279
41733
50411
16086
28876
43754
8036
27843
22122
6830
3269
12322
24739
34058
3209
12637
21497
9085
719
15366
204880
20860
3215
31246
200924
197696
15895
15704
7018
51402
43754
20860
201201
3320
15557
29695
1221
49455
17451
51492
209
203953
42696
8492
58820
786
6805
36947
3320
58820
133136
58820
38896
58820
12353
9145
43541
42610
197301
7018
263824
395748
12083
28391
6871
22122
4764
13101
15557
396503
8473
31334
3269
15557
13156
8612
577
31246
3352
9031
701
12905
3209
6830
2488
12657
31334
62291
2200
1901
3292
44843
19108
9121
12322
852
49432
23655
31195
5433
5769
47524
4760
6079
11260
38182
45186
24309
1136
199139
43668
13189
3215
28908
204418
61157
6830
3352
3249
9158
7018
6730
8422
3320
3320
3301
21195
12479
24439
3215
12322
12874
3215
12578
59890
8612
197595
31939
174
15557
8517
11097
7922
53169
6830
47795
9198
17858
8758
13728
15435
1136
31510
58224
3549
37204
58224
328262
32437
328137
33915
6830
1103
12322
3320
198930
5607
3741
3265
17451
5539
None
19517
12322
8331
8218
9211
55850
8881
15600
13030
3320
553
50469
13030
35540
3320
3265
8676
None
1853
None
8881
15744
10796
1267
4739
3320
701
2497
5650
3320
6400
7018
23889
6057
201196
6327
51346
2500
812
9105
7922
60144
33363
60471
852
2764
2504
327872
327987
4739
3292
7922
7922
5410
7922
11404
7018
2856
6830
24961
39651
701
18106
22773
2259
9824
16591
20115
3320
8823
812
12083
7922
393891
7477
37100
33363
852
9121
11351
12727
5089
4713
32204
11708
7018
7922
701
48305
7018
44513
7922
209
42652
40764
42337
7922
7545
701
57199
61173
2614
6327
4739
3243
9121
6128
3243
30764
10796
39912
29492
15704
9121
701
6621
202130
22773
3269
7922
2852
15557
12322
6079
13030
203585
12708
17676
396503
7018
6327
23655
201150
7992
3215
37680
43848
4764
28573
9299
12479
12083
12605
6058
20115
16110
7922
6830
209
27272
7922
41153
12783
31042
37680
31922
224
855
4713
4804
7922
20001
7922
3215
60294
9158
17511
2516
2856
4788
3243
35843
13037
4764
1221
19016
4657
49472
9121
9600
24921
134249
4804
12709
49472
394907
20162
6871
25596
7018
4771
3320
396503
55391
22773
203877
9009
7018
4685
2856
327900
11426
52325
9136
19830
197021
701
54527
3320
33363
29962
262239
3243
58224
3243
209
197669
12392
20115
12271
2516
2518
34605
8818
6799
44285
12322
